0.10335455542426486
0.09698396560410492
0.08944961495368219
0.08084355611432402
0.07169183148089238
0.06137443868485408
0.05038523637881618
0.038176948947118095
0.02459935231968472
0.009528715365997979
-0.0071342984940883395
-0.025555308857432103
-0.046414001887487344
-0.07083543392753744
-0.0986897988307452
-0.1293613496383456
-0.16196413076411462
-0.19361245869473184
-0.2125527526869283
-0.2031611746241197
-0.16989580250911263
-0.13198686688779768
-0.08254846181907469
-0.037046293435976305
-0.000501463888161884
0.03237484907759349
0.06366569297408829
0.09275410760792527
0.11935036206895983
0.14220611374904565
0.16457523412147626
0.18867531018433387
0.21337669035550566
0.24057999238356828
0.27091373610729574
0.30404743998312916
0.3401570139394908
0.3794224740880371
0.4237202096573824
0.476323407609288
0.5365919776390885
0.6057272547934534
0.6810273990510133
0.7589453182860211
0.8297643259022293
0.8865222434136255
0.935292678511428
0.9726494109613544
0.991902348088309
0.9991079231364431
0.9995288342382327
0.9950323809440106
0.986355373263133
0.9749105037167959
0.9584959018854813
0.9351381144882913
0.907831228906708
0.8726190808526922
0.8295059653657229
0.7766967575181234
0.7089695137707674
0.6237061354652758
0.5265025195787487
0.4383874930081764
0.3839946284321192
0.34444060842214846
0.3011864545623212
0.2581460556409314
0.22246690495773036
0.19465342001934402
0.17218662395305398
0.15149813115763086
0.1308168223046518
0.1092845829134879
0.0859909775841662
0.06041408945841421
0.032795854436860346
0.004524420308121559
-0.024400580098807904
-0.054650799832028085
-0.08991696888890267
-0.13184331392160367
-0.17136686913191013
-0.2009551352811768
-0.21728399717228458
-0.223327731087119
-0.22396816354726595
-0.2231450336404796
-0.22190725352091492
-0.2201948927841746
-0.21792849017533186
-0.21580076649026975
-0.21359645845540262
-0.2115961838317282
-0.20882969516752994
-0.20578722004969283
-0.20207479019233715
-0.19863766564359633
-0.19604292961422148
0.014049263708456605
0.36654175230479946
0.3663090277476224
0.36621430188277593
0.3657729003134316
0.3656082445474418
0.3650423679728411
0.3644371856767123
0.36395621083034463
0.3628953060430693
0.3614623760951847
0.35883910084339166
0.3542494168492978
0.34776907436569443
0.3405409318610786
0.333224881492532
0.3261099481519685
0.31955923841855954
0.31386689728449874
0.3094907158448945
0.306942492098678
0.3048466997551995
0.2927572672919213
0.28217103777590496
0.27698404755556366
0.2804263097551203
0.2950291328227479
0.31997459985628907
0.3510136160289911
0.3839214581523281
0.4170727074420543
0.4501284311250384
0.48400277131347613
0.5190169229169346
0.555281240865435
0.5936268412012023
0.6347040245200974
0.6781283714593029
0.7246093349436049
0.7734521007397884
0.8241942667144989
0.8746965851763545
0.9222564328671211
0.9618598036076343
0.9892499941165874
0.9999117599289387
0.9930528072108351
0.9709799927807076
0.9382568137894897
0.8974337998391483
0.8488242004386681
0.7960407450403008
0.7406835325437949
0.685157256051868
0.6315638893451326
0.5795271855136453
0.530028286361067
0.4829404919476927
0.43804350560950756
0.3952410040993141
0.35379569840052255
0.3135969373414921
0.2736345008485109
0.23360080428489424
0.1925154626793662
0.14982359325936898
0.10417057803529382
0.05584949958027018
0.005471141676122057
-0.044928743480222855
-0.09372151824929963
-0.14017322988749178
-0.18420604980511426
-0.225981936801383
-0.2657426665639854
-0.30358501378991376
-0.3398469023529016
-0.3739853876342816
-0.3980711600159923
-0.419473455304121
-0.4396884324976696
-0.4586999721265956
-0.47673286074096877
-0.49393866393364955
-0.5104895763864468
-0.526514809789423
-0.5421379808602731
-0.5572717870739765
-0.5709475580587333
-0.5811821461649336
-0.5874852876453859
-0.591463066788125
-0.5942075934998367
-0.5960266783795012
-0.597803459897974
-0.5987615290981805
-0.6002358513651775
-0.6008277743890811
-0.6020263425943295
-0.6024381912119955
0.1322360656882101
