-0.7737092963447054
-0.7590847210997254
-0.9055615961815562
-0.9753727664847389
-0.98206720882132
-0.9394166039501783
-0.8440753962058807
-0.6993305702898311
-0.5063359276211941
-0.2772462083851224
-0.04055025605026685
0.1685002724982354
0.32671516643993925
0.4311852646605985
0.4921716028569527
0.5218791757379471
0.5254530140844587
0.49533431676576
0.4313318942063198
0.36707584207468
0.3015246545839112
0.2474652475609922
0.2216607903429484
0.22871326140576898
0.25218141171079367
0.2840646055114462
0.3223459023090385
0.36507506198992346
0.40969752971352236
0.45197894359785096
0.4920622650113273
0.532336799358486
0.5724809321319206
0.6139018938699792
0.6576637848635158
0.7038390258016847
0.7522388414756591
0.8019350060537214
0.8523108578689147
0.9029949405046471
0.9496923188232236
0.9859328232750855
0.9999514667866717
0.976682375663193
0.9036484300503957
0.7788790540669055
0.593755924314987
0.35948441616174875
0.12318585590653797
-0.11068762845229685
-0.3569055086305184
-0.6249592830948956
-0.9130075800848232
-1.227897712655377
-1.597082558803109
-1.9980395114252048
-2.409819939612646
-2.856588916287592
-3.311529212902542
-3.767222698351418
-4.180129437192647
-4.430297410850699
-4.378743008773256
-4.025754140227946
-3.6322767543202303
-3.357401830095341
-3.1323958699322816
-2.888409771782918
-2.63524310677532
-2.401222752644628
-2.198778555059164
-2.0231486885716095
-1.865096980791023
-1.719261706189414
-1.5858013796323576
-1.4693329483270645
-1.37456382633178
-1.3049918099432034
-1.2586783244666009
-1.2303364244871773
-1.2047927666768032
-1.1440014384843522
-1.01996710907828
-0.841793885285611
-0.6746606819789491
-0.5743434492865305
-0.5333959577039877
-0.5191827965864491
-0.5156602464232947
-0.5219496011923326
-0.5371199433289462
-0.5548490001028767
-0.5757728158519626
-0.5981976512794205
-0.6342817293551803
-0.68722825304053
-0.7733584458312635
-0.9103193294758967
-0.7737175520687885
