0.514786693466192
0.4998277059574967
0.4632235672177103
0.4445377794722276
0.4334591736136666
0.4261716368690571
0.42155894927503823
0.4197227975689657
0.4195948409409844
0.4219504651268515
0.4248985654302828
0.42908633136715935
0.4441985140598348
0.46438253712690525
0.48374290608083115
0.5017586888764036
0.5189547600914715
0.5359177168691609
0.5536353820891549
0.5742517181619711
0.601113335229897
0.620815290253617
0.6388012794468203
0.6603073013642984
0.6900756960360326
0.72853673604709
0.7725011096924908
0.8159959046133736
0.8553780412976266
0.8902752065587265
0.9209683941535864
0.9477695145689162
0.9702855721493131
0.9875254637971869
0.9979776231952366
0.999132453308121
0.9872960798933832
0.9571146184429968
0.9014375855173418
0.8106452059336666
0.674272607090856
0.4820836735212275
0.23138365597525024
-0.07135300484605978
-0.3989136043689001
-0.7206403553702785
-1.0072155620155172
-1.2446959320232054
-1.4364645479008686
-1.5890565945301205
-1.6960389867358714
-1.7623674353617957
-1.7919968004539584
-1.7957946527260589
-1.7820095961641442
-1.755103214149642
-1.7209328785312579
-1.682747243176209
-1.643792028544567
-1.6058821671633723
-1.571150726919086
-1.5408078194102615
-1.5165141512604947
-1.500247737949067
-1.4954923678603933
-1.5041963972933132
-1.5272169139647218
-1.5581262585149034
-1.5796987756048253
-1.5732243556721102
-1.5423608882876039
-1.5065595390465347
-1.469933929278568
-1.4254089505997314
-1.3668243759722287
-1.2875889610231894
-1.1741968317915195
-1.0614167655601392
-0.9586116293891251
-0.8597519086189465
-0.7622603265309067
-0.6647316896888356
-0.5661797705490699
-0.465477939320877
-0.3612642861119184
-0.25159377397318394
-0.13605633941814688
-0.0256486178409574
0.0644208853866779
0.1317590757628544
0.18252806607027594
0.22338022117065393
0.2577637894249811
0.2897339377083057
0.318768571301689
0.3489964179280918
0.3798075691549023
0.4152804983518621
0.5147843684017062
